-1.2815515655446 0.426148007841278 0.915365087842814 -0.789191652658222 -0.859617364241911 -1.15034938037601
-0.994457883209753 4.85074273784336 -1.1263911290388 -0.358458793251194 1.05812161768478 0.597760126042478
-0.45376219016988 -2.32634787404084 0.163658486233141 -0.240426031142308 -1.2815515655446 -0.214701568001744
0.138304207961404 3.55359771439145 -0.266310613204095 0.150969215496777 1.55477359459685 0.125661346855074
-1.05812161768478 -0.10043372051147 -0.0250689082587111 -0.80642124701824 -0.690308823933034 -1.31057911216813
0.138304207961404 -4.21935705651922 0.385320466407568 -0.439913165673234 -1.59819313992282 -0.877896295051229
-0.789191652658222 4.308992404226 -0.292374896226804 0.163658486233141 0.877896295051229 1.1263911290388
0.371856089385075 -3.74554859323836 0.439913165673234 -0.176374164780861 -1.17498679206609 -0.48172684958473
0.48172684958473 0.915365087842814 1.15034938037601 1.37220380899873 0.915365087842814 1.2815515655446
-0.738846849185214 2.75887903454714 -0.467698799114508 0.163658486233141 0.612812991016627 1.34075503369022
-0.163658486233141 -1.95147977347586 0.189118426272792 0.0250689082587111 -1.31057911216813 0.859617364241911
1.08031934081496 4.42847890159269 0.93458929107348 1.22652812003661 2.92904974893762 0.582841507271216
-0.0376082876612559 -2.87816173909548 0.426148007841278 -0.163658486233141 -0.974113877059309 -0.974113877059309
-0.877896295051229 -4.24458330394636 -0.45376219016988 -1.2815515655446 -2.74235702114528 -0.722479051928063
